248.0
248.59190344443843
249.18380148772246
249.77568872947126
250.36755977085076
250.95940921534674
251.55123166953703
252.14302174386265
252.73477405339855
253.32648321862234
253.9181438661822
254.50975062966222
255.1012981503469
255.69278107798283
256.284194071538
256.8755317999591
257.4667889429254
258.05796019160056
258.6490402493804
259.24002383263786
259.83090567146434
260.42168051040727
261.0123431092037
261.60288824350965
262.1933107056258
262.78360530521746
263.3737668700312
263.9637902466057
264.5536703009778
265.14340191938356
265.73298000895335
266.32239949840204
266.9116553387131
267.5007425038164
268.0896559912609
268.67839082288
269.26694204545123
269.8553047313494
270.4434739791922
271.0314449144802
271.61921269022866
272.20677248759307
272.7941195164868
273.3812490161919
273.96815625596184
274.5548365356167
275.141285186131
275.7274975702126
276.31346908287526
276.89919515200086
277.4846712388953
278.06989283883485
278.65485548160467
279.23955473202847
279.82398619048956
280.4081454934431
280.9920283139198
281.5756303620203
282.158947385401
282.7419751697505
283.32470953925696
283.90714635706627
284.4892815257315
285.07111098765193
285.6526307255037
286.2338367626605
286.8147251636053
287.39529203433193
287.97553352273763
288.5554458190057
289.13502515597895
289.71426780952305
290.2931700988805
290.87172838701497
291.4499390809457
292.0277986320725
292.60530353649096
293.1824503352977
293.7592356148863
294.33565600723335
294.91170819017486
295.48738888767275
296.06269487007205
296.6376229543484
297.21217000434524
297.7863329310027
298.3601086925756
298.93349429484283
299.50648679130666
300.0790832833828
300.65128092058114
301.223076900677
301.79446846987287
302.36545292295114
302.9360276034174
303.50618990363466
304.0759372649486
304.6452671778032
305.214177181848
305.78266486603627
306.3507278687137
306.91836387769973
307.48557063035815
308.05234591366104
308.6186875642428
309.18459346844594
309.75006156235935
310.3150898318469
310.87967631256856
311.4438190899936
312.0075162994049
312.57076612589617
313.13356680436056
313.69591661947214
314.257813905659
314.8192570470693
315.38024447752974
315.9407746804962
316.50084618899774
317.06045758557286
317.61960750219896
318.1782946202147
318.7365176702355
319.29427543206236
319.85156673458374
320.40839045567134
320.9647455220687
321.5206309092743
322.07604564141803
322.630988791131
323.18545947941055
323.7394568754781
324.29298019663185
324.84602870809425
325.39860172285256
325.9506986014953
326.5023187520425
327.0534616297713
327.6041267370357
328.15431362308226
328.7040218838599
329.2532511618258
329.8020011457458
330.3502715704909
330.89806221682915
331.44537291121287
331.9922035255617
332.5385539770423
333.0844242278428
333.62981428494436
334.17472419988826
334.71915406853986
335.2631040308487
335.8065742706047
336.34956501519196
336.8920765353385
337.4341091448632
337.9756632004195
338.51673910123617
339.0573372888556
339.59745824686865
340.13710250064764
340.67627061707606
341.2149632042762
341.7531809113347
342.29092442802505
342.8281944845291
343.36499185115485
343.9013173380542
344.4371717949372
344.9725561107855
345.5074712135635
346.0419180699285
346.5758976849386
347.1094111017597
347.642459401371
348.1750437022694
348.707165160172
349.2388249677186
349.7700243541723
350.30076458511945
350.8310469621688
351.36087282265004
351.89024353931086
352.4191605200144
352.9476252074353
353.4756390787558
354.00320364536117
354.53032045253445
355.05699107915194
355.5832171373772
356.1090002723555
356.63434216190876
357.15924451622914
357.68370907757367
358.20773761995866
358.73133194885423
359.25449390087925
359.77722534349607
0.2995281747060403
0.8214043227452521
1.3428557457805255
1.8638844316060954
2.384492397340807
2.9046816891256526
3.4244543818222155
3.9438125787115155
4.462758411193704
4.9812940384885565
5.49942164733659
6.017143451701145
6.534461692471325
7.051378637165897
7.567896579637534
8.084017839779278
8.599744763231058
9.115079721087227
9.630025109605583
10.144583349917696
10.658756887739742
11.172548193084708
11.6859597599763
12.198994106163354
12.711653772836087
13.22394132434323
13.735859347910662
14.247410453361226
14.758597272836255
15.26942246051766
15.7798886923527
16.289998665778626
16.799755099449953
17.30916073296646
17.818218326603358
18.326930661041843
18.83530053710217
19.343330775477796
19.851024216470933
20.358383719729602
20.865412163986548
21.372112446799576
21.87848748429292
22.38454021090081
22.890273579112545
23.395690559218508
23.900794139058576
24.40558732377133
24.910073135545645
25.41425461337309
25.918134812802236
26.421716805694643
26.925003679982467
27.427998539427335
27.930704503380696
28.433124706546778
28.935262298745556
29.4371204446785
29.93870232369534
30.44001112956289
30.941050070234326
31.44182236762157
31.94233125736787
32.442579988622526
32.942571823817275
33.44231003844402
33.94179792083355
34.4410387719368
34.94003590510681
35.43879264588236
35.93731233177323
36.43559831204692
36.93365394751635
37.431482610329795
37.92908768376134
38.42647256200371
38.92364064996161
39.42059536304686
39.91734012697509
40.41387837756338
40.910213560529314
41.40634913129168
41.9022885547721
42.398035305198164
42.89359286590769
43.38896472915417
43.884154395913924
44.37916537569373
44.87400118634031
45.36866535385076
45.86316141218373
46.35749290307257
46.851663375838825
47.34567638720728
47.83953550112187
48.33324428856281
48.82680632736458
49.32022520203515
49.813504503575814
50.30664782930256
50.79965878266785
51.292540973083646
51.785298015745184
52.2779335314558
52.77045114645222
53.262854492231554
53.75514720537791
54.247332927390744
54.73941530451344
55.23139798756313
55.72328463176069
56.21507889656169
56.70678444548804
57.19840494596019
57.68994406913032
58.18140548971513
58.67279288583046
59.16410993882579
59.65536033311889
60.14654775603219
60.637675897627844
61.12874845054529
61.61976910983725
62.11074157280757
62.60166953884897
63.09255670928053
63.58340678718656
64.07422347725509
64.56501048561643
65.05577151968276
65.54651028798719
66.03723050002327
66.52793586608493
67.01863009710581
67.50931690449966
68.0
68.49068309550034
68.98136990289419
69.47206413391508
69.96276949997672
70.45348971201287
70.94422848031728
71.43498951438359
71.92577652274497
72.41659321281345
72.9074432907195
73.39833046115106
73.88925842719242
74.38023089016278
74.87125154945475
75.36232410237213
75.85345224396784
76.34463966688108
76.83589006117427
77.32720711416954
77.81859451028494
78.31005593086974
78.80159505403982
79.29321555451202
79.78492110343832
80.27671536823931
80.76860201243684
81.26058469548656
81.7526670726093
82.24485279462209
82.73714550776843
83.22954885354778
83.72206646854426
84.2147019842548
84.70745902691635
85.20034121733212
85.69335217069745
86.1864954964242
86.67977479796488
87.17319367263546
87.66675571143722
88.16046449887816
88.65432361279274
89.14833662416117
89.64250709692739
90.13683858781626
90.63133464614921
91.12599881365966
91.62083462430628
92.11584560408612
92.61103527084582
93.10640713409231
93.6019646948018
94.09771144522789
94.59365086870834
95.08978643947071
95.58612162243665
96.0826598730249
96.57940463695313
97.07635935003842
97.57352743799629
98.07091231623863
98.56851738967025
99.06634605248365
99.5644016879531
100.06268766822677
100.56120735411766
101.05996409489323
101.55896122806321
102.05820207916642
102.55768996155601
103.05742817618268
103.5574200113775
104.0576687426322
104.55817763237842
105.05894992976565
105.55998887043714
106.0612976763046
106.56287955532153
107.06473770125449
107.56687529345322
108.06929549661929
108.57200146057272
109.07499632001753
109.57828319430538
110.08186518719779
110.58574538662691
111.08992686445433
111.59441267622864
112.09920586094142
112.6043094407815
113.10972642088745
113.61545978909922
114.12151251570712
114.62788755320045
115.13458783601347
115.64161628027044
116.14897578352911
116.65666922452223
117.1646994628978
117.67306933895819
118.18178167339666
118.69083926703347
119.20024490055005
119.71000133422135
120.22011130764727
120.73057753948228
121.24140272716379
121.75258954663877
122.26414065208937
122.77605867565677
123.28834622716393
123.80100589383665
124.31404024002372
124.82745180691529
125.34124311226022
125.85541665008225
126.36997489039437
126.88492027891277
127.40025523676891
127.9159821602207
128.43210342036247
128.94862136283416
129.46553830752862
129.98285654829883
130.50057835266344
131.0187059615115
131.5372415888063
132.0561874212885
132.57554561817778
133.09531831087432
133.6155076026592
134.1361155683939
134.65714425421953
135.17859567725475
135.70047182529396
136.22277465650393
136.74550609912075
137.26866805114577
137.7922623800414
138.31629092242633
138.84075548377086
139.36565783809124
139.89099972764447
140.41678286262285
140.94300892084806
141.46967954746552
141.99679635463886
142.5243609212442
143.05237479256468
143.58083947998563
144.10975646068917
144.63912717734996
145.1689530378312
145.6992354148806
146.2299756458277
146.7611750322814
147.292834839828
147.82495629773058
148.35754059862896
148.89058889824034
149.42410231506136
149.9580819300715
150.49252878643648
151.02744388921454
151.56282820506274
152.09868266194582
152.63500814884517
153.17180551547094
153.70907557197492
154.24681908866538
154.7850367957238
155.323729382924
155.86289749935239
156.40254175313132
156.9426627111444
157.48326089876386
158.02433679958048
158.5658908551368
159.10792346466152
159.65043498480804
160.19342572939533
160.73689596915133
161.2808459314601
161.82527580011177
162.37018571505567
162.91557577215718
163.46144602295772
164.00779647443832
164.55462708878713
165.10193778317083
165.64972842950908
166.1979988542542
166.74674883817423
167.2959781161401
167.8456863769178
168.3958732629643
168.94653837022875
169.49768124795753
170.04930139850472
170.60139827714747
171.1539712919058
171.70701980336813
172.26054312452194
172.81454052058945
173.36901120886895
173.92395435858194
174.47936909072567
175.03525447793132
175.59160954432872
176.1484332654163
176.70572456793764
177.26348232976454
177.82170537978536
178.38039249780104
178.93954241442714
179.4991538110023
180.05922531950378
180.61975552247029
181.18074295293073
181.74218609434098
182.30408338052786
182.86643319563942
183.42923387410383
183.9924837005951
184.55618091000645
185.12032368743147
185.6849101681531
186.24993843764062
186.8154065315541
187.38131243575722
187.94765408633893
188.51442936964185
189.08163612230027
189.64927213128627
190.21733513396381
190.78582281815198
191.3547328221968
191.9240627350514
192.4938100963653
193.06397239658264
193.6345470770489
194.2055315301271
194.776923099323
195.34871907941888
195.92091671661723
196.49351320869337
197.06650570515723
197.6398913074244
198.21366706899735
198.78782999565482
199.3623770456516
199.93730512992792
200.51261111232728
201.0882918098252
201.66434399276662
202.24076438511372
202.81754966470234
203.394696463509
203.97220136792745
204.55006091905435
205.12827161298503
205.7068299011195
206.285732190477
206.86497484402105
207.44455418099432
208.02446647726242
208.60470796566807
209.18527483639468
209.76616323733953
210.34736927449632
210.92888901234807
211.51071847426851
212.0928536429337
212.6752904607431
213.25802483024955
213.84105261459896
214.4243696379797
215.00797168608023
215.59185450655687
216.17601380951044
216.76044526797153
217.3451445183953
217.93010716116518
218.51532876110474
219.10080484799917
219.68653091712474
220.27250242978738
220.85871481386908
221.44516346438328
222.03184374403818
222.61875098380813
223.20588048351323
223.793227512407
224.3807873097714
224.9685550855198
225.55652602080778
226.14469526865065
226.73305795454874
227.32160917712005
227.91034400873914
228.4992574961836
229.08834466128692
229.67760050159794
230.26701999104665
230.85659808061644
231.44632969902221
232.03620975339427
232.6262331299688
233.2163946947826
233.8066892943742
234.39711175649032
234.98765689079636
235.5783194895927
236.16909432853566
236.7599761673622
237.35095975061967
237.94203980839944
238.5332110570746
239.12446820004095
239.71580592846195
240.30721892201717
240.89870184965312
241.4902493703378
242.08185613381787
242.67351678137763
243.26522594660142
243.85697825613735
244.44876833046303
245.04059078465323
245.63244022914927
246.2243112705288
246.81619851227754
247.40809655556163
247.99000000000000
