0.299528175
0.821404323
1.342855746
1.863884432
2.384492397
2.904681689
3.424454382
3.943812579
4.462758411
4.981294038
5.499421647
6.017143452
6.534461692
7.051378637
7.56789658
8.08401784
8.599744763
9.115079721
9.63002511
10.14458335
10.65875689
11.17254819
11.68595976
12.19899411
12.71165377
13.22394132
13.73585935
14.24741045
14.75859727
15.26942246
15.77988869
16.28999867
16.7997551
17.30916073
17.81821833
18.32693066
18.83530054
19.34333078
19.85102422
20.35838372
20.86541216
21.37211245
21.87848748
22.38454021
22.89027358
23.39569056
23.90079414
24.40558732
24.91007314
25.41425461
25.91813481
26.42171681
26.92500368
27.42799854
27.9307045
28.43312471
28.9352623
29.43712044
29.93870232
30.44001113
30.94105007
31.44182237
31.94233126
32.44257999
32.94257182
33.44231004
33.94179792
34.44103877
34.94003591
35.43879265
35.93731233
36.43559831
36.93365395
37.43148261
37.92908768
38.42647256
38.92364065
39.42059536
39.91734013
40.41387838
40.91021356
41.40634913
41.90228855
42.39803531
42.89359287
43.38896473
43.8841544
44.37916538
44.87400119
45.36866535
45.86316141
46.3574929
46.85166338
47.34567639
47.8395355
48.33324429
48.82680633
49.3202252
49.8135045
50.30664783
50.79965878
51.29254097
51.78529802
52.27793353
52.77045115
53.26285449
53.75514721
54.24733293
54.7394153
55.23139799
55.72328463
56.2150789
56.70678445
57.19840495
57.68994407
58.18140549
58.67279289
59.16410994
59.65536033
60.14654776
60.6376759
61.12874845
61.61976911
62.11074157
62.60166954
63.09255671
63.58340679
64.07422348
64.56501049
65.05577152
65.54651029
66.0372305
66.52793587
67.0186301
67.5093169
68
68.4906831
68.9813699
69.47206413
69.9627695
70.45348971
70.94422848
71.43498951
71.92577652
72.41659321
72.90744329
73.39833046
73.88925843
74.38023089
74.87125155
75.3623241
75.85345224
76.34463967
76.83589006
77.32720711
77.81859451
78.31005593
78.80159505
79.29321555
79.7849211
80.27671537
80.76860201
81.2605847
81.75266707
82.24485279
82.73714551
83.22954885
83.72206647
84.21470198
84.70745903
85.20034122
85.69335217
86.1864955
86.6797748
87.17319367
87.66675571
88.1604645
88.65432361
89.14833662
89.6425071
90.13683859
90.63133465
91.12599881
91.62083462
92.1158456
92.61103527
93.10640713
93.60196469
94.09771145
94.59365087
95.08978644
95.58612162
96.08265987
96.57940464
97.07635935
97.57352744
98.07091232
98.56851739
99.06634605
99.56440169
100.0626877
100.5612074
101.0599641
101.5589612
102.0582021
102.55769
103.0574282
103.55742
104.0576687
104.5581776
105.0589499
105.5599889
106.0612977
106.5628796
107.0647377
107.5668753
108.0692955
108.5720015
109.0749963
109.5782832
110.0818652
110.5857454
111.0899269
111.5944127
112.0992059
112.6043094
113.1097264
113.6154598
114.1215125
114.6278876
115.1345878
115.6416163
116.1489758
116.6566692
117.1646995
117.6730693
118.1817817
118.6908393
119.2002449
119.7100013
120.2201113
120.7305775
121.2414027
121.7525895
122.2641407
122.7760587
123.2883462
123.8010059
124.3140402
124.8274518
125.3412431
125.8554167
126.3699749
126.8849203
127.4002552
127.9159822
128.4321034
128.9486214
129.4655383
129.9828565
130.5005784
131.018706
131.5372416
132.0561874
132.5755456
133.0953183
133.6155076
134.1361156
134.6571443
135.1785957
135.7004718
136.2227747
136.7455061
137.2686681
137.7922624
138.3162909
138.8407555
139.3656578
139.8909997
140.4167829
140.9430089
141.4696795
141.9967964
142.5243609
143.0523748
143.5808395
144.1097565
144.6391272
145.168953
145.6992354
146.2299756
146.761175
147.2928348
147.8249563
148.3575406
148.8905889
149.4241023
149.9580819
150.4925288
151.0274439
151.5628282
152.0986827
152.6350081
153.1718055
153.7090756
154.2468191
154.7850368
155.3237294
155.8628975
156.4025418
156.9426627
157.4832609
158.0243368
158.5658909
159.1079235
159.650435
160.1934257
160.736896
161.2808459
161.8252758
162.3701857
162.9155758
163.461446
164.0077965
164.5546271
165.1019378
165.6497284
166.1979989
166.7467488
167.2959781
167.8456864
168.3958733
168.9465384
169.4976812
170.0493014
170.6013983
171.1539713
171.7070198
172.2605431
172.8145405
173.3690112
173.9239544
174.4793691
175.0352545
175.5916095
176.1484333
176.7057246
177.2634823
177.8217054
178.3803925
178.9395424
179.4991538
180.0592253
180.6197555
181.180743
181.7421861
182.3040834
182.8664332
183.4292339
183.9924837
184.5561809
185.1203237
185.6849102
186.2499384
186.8154065
187.3813124
187.9476541
188.5144294
189.0816361
189.6492721
190.2173351
190.7858228
191.3547328
191.9240627
192.4938101
193.0639724
193.6345471
194.2055315
194.7769231
195.3487191
195.9209167
196.4935132
197.0665057
197.6398913
198.2136671
198.78783
199.362377
199.9373051
200.5126111
201.0882918
201.664344
202.2407644
202.8175497
203.3946965
203.9722014
204.5500609
205.1282716
205.7068299
206.2857322
206.8649748
207.4445542
208.0244665
208.604708
209.1852748
209.7661632
210.3473693
210.928889
211.5107185
212.0928536
212.6752905
213.2580248
213.8410526
214.4243696
215.0079717
215.5918545
216.1760138
216.7604453
217.3451445
217.9301072
218.5153288
219.1008048
219.6865309
220.2725024
220.8587148
221.4451635
222.0318437
222.618751
223.2058805
223.7932275
224.3807873
224.9685551
225.556526
226.1446953
226.733058
227.3216092
227.910344
228.4992575
229.0883447
229.6776005
230.26702
230.8565981
231.4463297
232.0362098
232.6262331
233.2163947
233.8066893
234.3971118
234.9876569
235.5783195
236.1690943
236.7599762
237.3509598
237.9420398
238.5332111
239.1244682
239.7158059
240.3072189
240.8987018
241.4902494
242.0818561
242.6735168
243.2652259
243.8569783
244.4487683
245.0405908
245.6324402
246.2243113
246.8161985
247.4080966
247.99
248
248.5919034
249.1838015
249.7756887
250.3675598
250.9594092
251.5512317
252.1430217
252.7347741
253.3264832
253.9181439
254.5097506
255.1012982
255.6927811
256.2841941
256.8755318
257.4667889
258.0579602
258.6490402
259.2400238
259.8309057
260.4216805
261.0123431
261.6028882
262.1933107
262.7836053
263.3737669
263.9637902
264.5536703
265.1434019
265.73298
266.3223995
266.9116553
267.5007425
268.089656
268.6783908
269.266942
269.8553047
270.443474
271.0314449
271.6192127
272.2067725
272.7941195
273.381249
273.9681563
274.5548365
275.1412852
275.7274976
276.3134691
276.8991952
277.4846712
278.0698928
278.6548555
279.2395547
279.8239862
280.4081455
280.9920283
281.5756304
282.1589474
282.7419752
283.3247095
283.9071464
284.4892815
285.071111
285.6526307
286.2338368
286.8147252
287.395292
287.9755335
288.5554458
289.1350252
289.7142678
290.2931701
290.8717284
291.4499391
292.0277986
292.6053035
293.1824503
293.7592356
294.335656
294.9117082
295.4873889
296.0626949
296.637623
297.21217
297.7863329
298.3601087
298.9334943
299.5064868
300.0790833
300.6512809
301.2230769
301.7944685
302.3654529
302.9360276
303.5061899
304.0759373
304.6452672
305.2141772
305.7826649
306.3507279
306.9183639
307.4855706
308.0523459
308.6186876
309.1845935
309.7500616
310.3150898
310.8796763
311.4438191
312.0075163
312.5707661
313.1335668
313.6959166
314.2578139
314.819257
315.3802445
315.9407747
316.5008462
317.0604576
317.6196075
318.1782946
318.7365177
319.2942754
319.8515667
320.4083905
320.9647455
321.5206309
322.0760456
322.6309888
323.1854595
323.7394569
324.2929802
324.8460287
325.3986017
325.9506986
326.5023188
327.0534616
327.6041267
328.1543136
328.7040219
329.2532512
329.8020011
330.3502716
330.8980622
331.4453729
331.9922035
332.538554
333.0844242
333.6298143
334.1747242
334.7191541
335.263104
335.8065743
336.349565
336.8920765
337.4341091
337.9756632
338.5167391
339.0573373
339.5974582
340.1371025
340.6762706
341.2149632
341.7531809
342.2909244
342.8281945
343.3649919
343.9013173
344.4371718
344.9725561
345.5074712
346.0419181
346.5758977
347.1094111
347.6424594
348.1750437
348.7071652
349.238825
349.7700244
350.3007646
350.831047
351.3608728
351.8902435
352.4191605
352.9476252
353.4756391
354.0032036
354.5303205
355.0569911
355.5832171
356.1090003
356.6343422
357.1592445
357.6837091
358.2077376
358.7313319
359.2544939
359.7772253
